658.4 560
770.8 319.199 -4.2 4.2
1
782.2 388.2 -2.94 2.94
50
2.5 50 5 0
82.5 50 5 0
162.5 50 5 0
242.5 50 5 0
322.5 50 5 0
402.5 50 5 0
482.5 50 5 0
562.5 50 5 0
642.5 50 5 0
722.5 50 5 0
2.5 80 3 0
82.5 80 3 0
162.5 80 3 0
242.5 80 3 0
322.5 80 3 0
402.5 80 3 0
482.5 80 3 0
562.5 80 3 0
642.5 80 3 0
722.5 80 3 0
2.5 110 3 0
82.5 110 3 0
162.5 110 2 0
242.5 110 3 0
322.5 110 3 0
402.5 110 3 0
482.5 110 3 0
562.5 110 3 0
642.5 110 3 0
722.5 110 3 0
2.5 140 2 0
82.5 140 1 0
162.5 140 0 1
242.5 140 0 1
322.5 140 1 0
402.5 140 0 1
482.5 140 0 1
562.5 140 0 1
642.5 140 0 1
722.5 140 2 0
2.5 170 1 0
82.5 170 0 1
162.5 170 0 1
242.5 170 0 1
322.5 170 0 1
402.5 170 0 1
482.5 170 0 1
562.5 170 0 1
642.5 170 0 1
722.5 170 1 0
